0,3,0.8320183851339245
0,1,0.8320183851339245
0,2,0.6456563062257954
0,7,0.6456563062257954
0,4,0.6456563062257954
0,5,0.6456563062257954
0,6,0.6456563062257954
0,8,0.6456563062257954
0,0,0.5497144511691517
0,9,0.401312339887548
1,1,0.7395227408644525
1,0,0.6456563062257954
1,2,0.6456563062257954
1,4,0.6456563062257954
1,5,0.6456563062257954
1,6,0.6456563062257954
1,7,0.6456563062257954
1,8,0.6456563062257954
1,9,0.401312339887548
2,3,0.8320183851339245
2,1,0.8320183851339245
2,0,0.6456563062257954
2,6,0.6456563062257954
2,4,0.6456563062257954
2,5,0.6456563062257954
2,7,0.6456563062257954
2,8,0.6456563062257954
2,9,0.401312339887548
3,3,0.7395232167287291
3,0,0.6456563062257954
3,6,0.6456563062257954
3,2,0.6456563062257954
3,5,0.6456563062257954
3,7,0.6456563062257954
3,8,0.6456563062257954
3,4,0.6456563062257954
3,9,0.401312339887548
4,1,0.8320183851339245
4,3,0.8320183851339245
4,0,0.6456563062257954
4,2,0.6456563062257954
4,5,0.6456563062257954
4,6,0.6456563062257954
4,7,0.6456563062257954
4,8,0.6456563062257954
4,9,0.401312339887548
5,3,0.8320183851339245
5,1,0.8320183851339245
5,0,0.6456563062257954
5,7,0.6456563062257954
5,4,0.6456563062257954
5,2,0.6456563062257954
5,6,0.6456563062257954
5,8,0.6456563062257954
5,5,0.5499652481891296
5,9,0.401312339887548
6,3,0.8320183851339245
6,1,0.8320183851339245
6,0,0.6456563062257954
6,7,0.6456563062257954
6,4,0.6456563062257954
6,5,0.6456563062257954
6,2,0.6456563062257954
6,8,0.6456563062257954
6,6,0.5898892283674291
6,9,0.401312339887548
7,3,0.8320183851339245
7,1,0.8320183851339245
7,2,0.6456563062257954
7,4,0.6456563062257954
7,0,0.6456563062257954
7,5,0.6456563062257954
7,6,0.6456563062257954
7,8,0.6456563062257954
7,7,0.5925920448576346
7,9,0.401312339887548
8,3,0.8320183851339245
8,1,0.8320183851339245
8,2,0.6456563062257954
8,4,0.6456563062257954
8,0,0.6456563062257954
8,5,0.6456563062257954
8,6,0.6456563062257954
8,7,0.6456563062257954
8,8,0.595367964764425
8,9,0.401312339887548
9,3,0.8320183851339245
9,1,0.8320183851339245
9,0,0.6456563062257954
9,2,0.6456563062257954
9,7,0.6456563062257954
9,4,0.6456563062257954
9,5,0.6456563062257954
9,6,0.6456563062257954
9,8,0.6456563062257954
9,9,0.401312339887548
